全国No.,ポケモン,たかさ(m),おもさ(kg),"けたぐり
くさむすび
威力"
1,フシギダネ,0.7,6.9,20
2,フシギソウ,1,13,40
3,フシギバナ,2,100,100[1]
,メガフシギバナ,2.4,155.5,100
4,ヒトカゲ,0.6,8.5,20
5,リザード,1.1,19,40
6,リザードン,1.7,90.5,80
,メガリザードンX,1.7,110.5,100
,メガリザードンY,1.7,100.5,100
7,ゼニガメ,0.5,9,20
8,カメール,1,22.5,40
9,カメックス,1.6,85.5,80
,メガカメックス,1.6,101.1,100
10,キャタピー,0.3,2.9,20
11,トランセル,0.7,9.9,20
12,バタフリー,1.1,32,60
13,ビードル,0.3,3.2,20
14,コクーン,0.6,10,40[1]
15,スピアー,1,29.5,60
,メガスピアー,1.4,40.5,60
16,ポッポ,0.3,1.8,20
17,ピジョン,1.1,30,60
18,ピジョット,1.5,39.5,60
,メガピジョット,2.2,50.5,80
19,コラッタ,0.3,3.5,20
,"コラッタ(アローラのすがた)",0.3,3.8,20
20,ラッタ,0.7,18.5,40
,"ラッタ(アローラのすがた)",0.7,25.5,60
,"ラッタ(アローラのすがた)(ぬしサイズ)",1.4,105,100
21,オニスズメ,0.3,2,20
22,オニドリル,1.2,38,60
23,アーボ,2,6.9,20
24,アーボック,3.5,65,80
25,ピカチュウ,0.4,6,20
26,ライチュウ,0.8,30,60
,"ライチュウ(アローラのすがた)",0.7,21,40
27,サンド,0.6,12,40
,"サンド(アローラのすがた)",0.7,40,60
28,サンドパン,1,29.5,60
,"サンドパン(アローラのすがた)",1.2,55,80
29,ニドラン♀,0.4,7,20
30,ニドリーナ,0.8,20,40
31,ニドクイン,1.3,60,80
32,ニドラン♂,0.5,9,20
33,ニドリーノ,0.9,19.5,40
34,ニドキング,1.4,62,80
35,ピッピ,0.6,7.5,20
36,ピクシー,1.3,40,60
37,ロコン,0.6,9.9,20
,"ロコン(アローラのすがた)",0.6,9.9,20
38,キュウコン,1.1,19.9,40
,"キュウコン(アローラのすがた)",1.1,19.9,40
39,プリン,0.5,5.5,20
40,プクリン,1,12,40
41,ズバット,0.8,7.5,20
42,ゴルバット,1.6,55,80
43,ナゾノクサ,0.5,5.4,20
44,クサイハナ,0.8,8.6,20
45,ラフレシア,1.2,18.6,40
46,パラス,0.3,5.4,20
47,パラセクト,1,29.5,60
48,コンパン,1,30,60
49,モルフォン,1.5,12.5,40
50,ディグダ,0.2,0.8,20
,"ディグダ(アローラのすがた)",0.2,1,20
51,ダグトリオ,0.7,33.3,60
,"ダグトリオ(アローラのすがた)",0.7,66.6,80
52,ニャース,0.4,4.2,20
,"ニャース(アローラのすがた)",0.4,4.2,20
,"ニャース(ガラルのすがた)",0.4,7.5,20
53,ペルシアン,1,32,60
,"ペルシアン(アローラのすがた)",1.1,33,60
54,コダック,0.8,19.6,40
55,ゴルダック,1.7,76.6,80
56,マンキー,0.5,28,60
57,オコリザル,1,32,60
58,ガーディ,0.7,19,40
,"ガーディ(ヒスイのすがた)",0.8,22.7,
59,ウインディ,1.9,155,100
,"ウインディ(ヒスイのすがた)",2,168,
60,ニョロモ,0.6,12.4,40
61,ニョロゾ,1,20,40
62,ニョロボン,1.3,54,80
63,ケーシィ,0.9,19.5,40
64,ユンゲラー,1.3,56.5,80
65,フーディン,1.5,48,60
,メガフーディン,1.2,48,60
66,ワンリキー,0.8,19.5,40
67,ゴーリキー,1.5,70.5,80
68,カイリキー,1.6,130,100
69,マダツボミ,0.7,4,20
70,ウツドン,1,6.4,20
71,ウツボット,1.7,15.5,40
72,メノクラゲ,0.9,45.5,60
73,ドククラゲ,1.6,55,80
74,イシツブテ,0.4,20,40
,"イシツブテ(アローラのすがた)",0.4,20.3,40
75,ゴローン,1,105,100
,"ゴローン(アローラのすがた)",1,110,100
76,ゴローニャ,1.4,300,120
,"ゴローニャ(アローラのすがた)",1.7,316,120
77,ポニータ,1,30,60
,"ポニータ(ガラルのすがた)",0.8,24,40
78,ギャロップ,1.7,95,80
,"ギャロップ(ガラルのすがた)",1.7,80,80
79,ヤドン,1.2,36,60
,"ヤドン(ガラルのすがた)",1.2,36,60
80,ヤドラン,1.6,78.5,80
,メガヤドラン,2,120,100
,"ヤドラン(ガラルのすがた)",1.6,70.5,80
81,コイル,0.3,6,20
82,レアコイル,1,60,80
83,カモネギ,0.8,15,40
,"カモネギ(ガラルのすがた)",0.8,42,60
84,ドードー,1.4,39.2,60
85,ドードリオ,1.8,85.2,80
86,パウワウ,1.1,90,80
87,ジュゴン,1.7,120,100
88,ベトベター,0.9,30,60
,"ベトベター(アローラのすがた)",0.7,42,60
89,ベトベトン,1.2,30,60
,"ベトベトン(アローラのすがた)",1,52,80
90,シェルダー,0.3,4,20
91,パルシェン,1.5,132.5,100
92,ゴース,1.3,0.1,20
93,ゴースト,1.6,0.1,20
94,ゲンガー,1.5,40.5,60
,メガゲンガー,1.4,40.5,60
95,イワーク,8.8,210,120
96,スリープ,1,32.4,60
97,スリーパー,1.6,75.6,80
98,クラブ,0.4,6.5,20
99,キングラー,1.3,60,80
100,ビリリダマ,0.5,10.4,40
,"ビリリダマ(ヒスイのすがた)",0.5,13,
101,マルマイン,1.2,66.6,80
,"マルマイン(ヒスイのすがた)",1.2,71,
102,タマタマ,0.4,2.5,20
103,ナッシー,2,120,100
,"ナッシー(アローラのすがた)",10.9,415.6,120
104,カラカラ,0.4,6.5,20
105,ガラガラ,1,45,60
,"ガラガラ(アローラのすがた)",1,34,60
,"ガラガラ(アローラのすがた)(ぬしサイズ)",1.7,98,80
106,サワムラー,1.5,49.8,60
107,エビワラー,1.4,50.2,80
108,ベロリンガ,1.2,65.5,80
109,ドガース,0.6,1,20
110,マタドガス,1.2,9.5,20
,"マタドガス(ガラルのすがた)",3,16,40
111,サイホーン,1,115,100
112,サイドン,1.9,120,100
113,ラッキー,1.1,34.6,60
114,モンジャラ,1,35,60
115,ガルーラ,2.2,80,80
,メガガルーラ,2.2,100,100
116,タッツー,0.4,8,20
117,シードラ,1.2,25,60[1]
118,トサキント,0.6,15,40
119,アズマオウ,1.3,39,60
120,ヒトデマン,0.8,34.5,60
121,スターミー,1.1,80,80
122,バリヤード,1.3,54.5,80
,"バリヤード(ガラルのすがた)",1.4,56.8,80
123,ストライク,1.5,56,80
124,ルージュラ,1.4,40.6,60
125,エレブー,1.1,30,60
126,ブーバー,1.3,44.5,60
127,カイロス,1.5,55,80
,メガカイロス,1.7,59,80
128,ケンタロス,1.4,88.4,80
,"ケンタロス(パルデアのすがた・コンバット種)",1.4,115,
,"ケンタロス(パルデアのすがた・ブレイズ種)",1.4,85,
,"ケンタロス(パルデアのすがた・ウォーター種)",1.4,110,
129,コイキング,0.9,10,40[1]
130,ギャラドス,6.5,235,120
,メガギャラドス,6.5,305,120
131,ラプラス,2.5,220,120
132,メタモン,0.3,4,20
133,イーブイ,0.3,6.5,20
134,シャワーズ,1,29,60
135,サンダース,0.8,24.5,40
136,ブースター,0.9,25,60[1]
137,ポリゴン,0.8,36.5,60
138,オムナイト,0.4,7.5,20
139,オムスター,1,35,60
140,カブト,0.5,11.5,40
141,カブトプス,1.3,40.5,60
142,プテラ,1.8,59,80
,メガプテラ,2.1,79,80
143,カビゴン,2.1,460,120
144,フリーザー,1.7,55.4,80
,"フリーザー(ガラルのすがた)",1.7,50.9,80
145,サンダー,1.6,52.6,80
,"サンダー(ガラルのすがた)",1.6,58.2,80
146,ファイヤー,2,60,80
,"ファイヤー(ガラルのすがた)",2,66,80
147,ミニリュウ,1.8,3.3,20
148,ハクリュー,4,16.5,40
149,カイリュー,2.2,210,120
150,ミュウツー,2,122,100
,メガミュウツーX,2.3,127,100
,メガミュウツーY,1.5,33,60
151,ミュウ,0.4,4,20
152,チコリータ,0.9,6.4,20
153,ベイリーフ,1.2,15.8,40
154,メガニウム,1.8,100.5,100
155,ヒノアラシ,0.5,7.9,20
156,マグマラシ,0.9,19,40
157,バクフーン,1.7,79.5,80
,"バクフーン(ヒスイのすがた)",1.6,69.8,
158,ワニノコ,0.6,9.5,20
159,アリゲイツ,1.1,25,60[1]
160,オーダイル,2.3,88.8,80
161,オタチ,0.8,6,20
162,オオタチ,1.8,32.5,60
163,ホーホー,0.7,21.2,40
164,ヨルノズク,1.6,40.8,60
165,レディバ,1,10.8,40
166,レディアン,1.4,35.6,60
167,イトマル,0.5,8.5,20
168,アリアドス,1.1,33.5,60
169,クロバット,1.8,75,80
170,チョンチー,0.5,12,40
171,ランターン,1.2,22.5,40
172,ピチュー,0.3,2,20
173,ピィ,0.3,3,20
174,ププリン,0.3,1,20
175,トゲピー,0.3,1.5,20
176,トゲチック,0.6,3.2,20
177,ネイティ,0.2,2,20
178,ネイティオ,1.5,15,40
179,メリープ,0.6,7.8,20
180,モココ,0.8,13.3,40
181,デンリュウ,1.4,61.5,80
,メガデンリュウ,1.4,61.5,80
182,キレイハナ,0.4,5.8,20
183,マリル,0.4,8.5,20
184,マリルリ,0.8,28.5,60
185,ウソッキー,1.2,38,60
186,ニョロトノ,1.1,33.9,60
187,ハネッコ,0.4,0.5,20
188,ポポッコ,0.6,1,20
189,ワタッコ,0.8,3,20
190,エイパム,0.8,11.5,40
191,ヒマナッツ,0.3,1.8,20
192,キマワリ,0.8,8.5,20
193,ヤンヤンマ,1.2,38,60
194,ウパー,0.4,8.5,20
,"ウパー(パルデアのすがた)",0.4,11,
195,ヌオー,1.4,75,80
196,エーフィ,0.9,26.5,60
197,ブラッキー,1,27,60
198,ヤミカラス,0.5,2.1,20
199,ヤドキング,2,79.5,80
,"ヤドキング(ガラルのすがた)",1.8,79.5,80
200,ムウマ,0.7,1,20
201,アンノーン,0.5,5,20
202,ソーナンス,1.3,28.5,60
203,キリンリキ,1.5,41.5,60
204,クヌギダマ,0.6,7.2,20
205,フォレトス,1.2,125.8,100
206,ノコッチ,1.5,14,40
207,グライガー,1.1,64.8,80
208,ハガネール,9.2,400,120
,メガハガネール,10.5,740,120
209,ブルー,0.6,7.8,20
210,グランブル,1.4,48.7,60
211,ハリーセン,0.5,3.9,20
,"ハリーセン(ヒスイのすがた)",0.5,3.9,
212,ハッサム,1.8,118,100
,メガハッサム,2,125,100
213,ツボツボ,0.6,20.5,40
214,ヘラクロス,1.5,54,80
,メガヘラクロス,1.7,62.5,80
215,ニューラ,0.9,28,60
,"ニューラ(ヒスイのすがた)",0.9,27,
216,ヒメグマ,0.6,8.8,20
217,リングマ,1.8,125.8,100
218,マグマッグ,0.7,35,60
219,マグカルゴ,0.8,55,80
220,ウリムー,0.4,6.5,20
221,イノムー,1.1,55.8,80
222,サニーゴ,0.6,5,20
,"サニーゴ(ガラルのすがた)",0.6,0.5,20
223,テッポウオ,0.6,12,40
224,オクタン,0.9,28.5,60
225,デリバード,0.9,16,40
226,マンタイン,2.1,220,120
227,エアームド,1.7,50.5,80
228,デルビル,0.6,10.8,40
229,ヘルガー,1.4,35,60
,メガヘルガー,1.9,49.5,60
230,キングドラ,1.8,152,100
231,ゴマゾウ,0.5,33.5,60
232,ドンファン,1.1,120,100
233,ポリゴン2,0.6,32.5,60
234,オドシシ,1.4,71.2,80
235,ドーブル,1.2,58,80
236,バルキー,0.7,21,40
237,カポエラー,1.4,48,60
238,ムチュール,0.4,6,20
239,エレキッド,0.6,23.5,40
240,ブビィ,0.7,21.4,40
241,ミルタンク,1.2,75.5,80
242,ハピナス,1.5,46.8,60
243,ライコウ,1.9,178,100
244,エンテイ,2.1,198,100
245,スイクン,2,187,100
246,ヨーギラス,0.6,72,80
247,サナギラス,1.2,152,100
248,バンギラス,2,202,120
,メガバンギラス,2.5,255,120
249,ルギア,5.2,216,120
250,ホウオウ,3.8,199,100
251,セレビィ,0.6,5,20
252,キモリ,0.5,5,20
253,ジュプトル,0.9,21.6,40
254,ジュカイン,1.7,52.2,80
,メガジュカイン,1.9,55.2,80
255,アチャモ,0.4,2.5,20
256,ワカシャモ,0.9,19.5,40
257,バシャーモ,1.9,52,80
,メガバシャーモ,1.9,52,80
258,ミズゴロウ,0.4,7.6,20
259,ヌマクロー,0.7,28,60
260,ラグラージ,1.5,81.9,80
,メガラグラージ,1.9,102,100
261,ポチエナ,0.5,13.6,40
262,グラエナ,1,37,60
263,ジグザグマ,0.4,17.5,40
,"ジグザグマ(ガラルのすがた)",0.4,17.5,40
264,マッスグマ,0.5,32.5,60
,"マッスグマ(ガラルのすがた)",0.5,32.5,60
265,ケムッソ,0.3,3.6,20
266,カラサリス,0.6,10,40[1]
267,アゲハント,1,28.4,60
268,マユルド,0.7,11.5,40
269,ドクケイル,1.2,31.6,60
270,ハスボー,0.5,2.6,20
271,ハスブレロ,1.2,32.5,60
272,ルンパッパ,1.5,55,80
273,タネボー,0.5,4,20
274,コノハナ,1,28,60
275,ダーテング,1.3,59.6,80
276,スバメ,0.3,2.3,20
277,オオスバメ,0.7,19.8,40
278,キャモメ,0.6,9.5,20
279,ペリッパー,1.2,28,60
280,ラルトス,0.4,6.6,20
281,キルリア,0.8,20.2,40
282,サーナイト,1.6,48.4,60
,メガサーナイト,1.6,48.4,60
283,アメタマ,0.5,1.7,20
284,アメモース,0.8,3.6,20
285,キノココ,0.4,4.5,20
286,キノガッサ,1.2,39.2,60
287,ナマケロ,0.8,24,40
288,ヤルキモノ,1.4,46.5,60
289,ケッキング,2,130.5,100
290,ツチニン,0.5,5.5,20
291,テッカニン,0.8,12,40
292,ヌケニン,0.8,1.2,20
293,ゴニョニョ,0.6,16.3,40
294,ドゴーム,1,40.5,60
295,バクオング,1.5,84,80
296,マクノシタ,1,86.4,80
297,ハリテヤマ,2.3,253.8,120
298,ルリリ,0.2,2,20
299,ノズパス,1,97,80
300,エネコ,0.6,11,40
301,エネコロロ,1.1,32.6,60
302,ヤミラミ,0.5,11,40
,メガヤミラミ,0.5,161,100
303,クチート,0.6,11.5,40
,メガクチート,1,23.5,40
304,ココドラ,0.4,60,80
305,コドラ,0.9,120,100
306,ボスゴドラ,2.1,360,120
,メガボスゴドラ,2.2,395,120
307,アサナン,0.6,11.2,40
308,チャーレム,1.3,31.5,60
,メガチャーレム,1.3,31.5,60
309,ラクライ,0.6,15.2,40
310,ライボルト,1.5,40.2,60
,メガライボルト,1.8,44,60
311,プラスル,0.4,4.2,20
312,マイナン,0.4,4.2,20
313,バルビート,0.7,17.7,40
314,イルミーゼ,0.6,17.7,40
315,ロゼリア,0.3,2,20
316,ゴクリン,0.4,10.3,40
317,マルノーム,1.7,80,80
318,キバニア,0.8,20.8,40
319,サメハダー,1.8,88.8,80
,メガサメハダー,2.5,130.3,100
320,ホエルコ,2,130,100
321,ホエルオー,14.5,398,120
322,ドンメル,0.7,24,40
323,バクーダ,1.9,220,120
,メガバクーダ,2.5,320.5,120
324,コータス,0.5,80.4,80
325,バネブー,0.7,30.6,60
326,ブーピッグ,0.9,71.5,80
327,パッチール,1.1,5,20
328,ナックラー,0.7,15,40
329,ビブラーバ,1.1,15.3,40
330,フライゴン,2,82,80
331,サボネア,0.4,51.3,80
332,ノクタス,1.3,77.4,80
333,チルット,0.4,1.2,20
334,チルタリス,1.1,20.6,40
,メガチルタリス,1.5,20.6,40
335,ザングース,1.3,40.3,60
336,ハブネーク,2.7,52.5,80
337,ルナトーン,1,168,100
338,ソルロック,1.2,154,100
339,ドジョッチ,0.4,1.9,20
340,ナマズン,0.9,23.6,40
341,ヘイガニ,0.6,11.5,40
342,シザリガー,1.1,32.8,60
343,ヤジロン,0.5,21.5,40
344,ネンドール,1.5,108,100
345,リリーラ,1,23.8,40
346,ユレイドル,1.5,60.4,80
347,アノプス,0.7,12.5,40
348,アーマルド,1.5,68.2,80
349,ヒンバス,0.6,7.4,20
350,ミロカロス,6.2,162,100
351,ポワルン,0.3,0.8,20
352,カクレオン,1,22,40
353,カゲボウズ,0.6,2.3,20
354,ジュペッタ,1.1,12.5,40
,メガジュペッタ,1.2,13,40
355,ヨマワル,0.8,15,40
356,サマヨール,1.6,30.6,60
357,トロピウス,2,100,100[1]
358,チリーン,0.6,1,20
359,アブソル,1.2,47,60
,メガアブソル,1.2,49,60
360,ソーナノ,0.6,14,40
361,ユキワラシ,0.7,16.8,40
362,オニゴーリ,1.5,256.5,120
,メガオニゴーリ,2.1,350.2,120
363,タマザラシ,0.8,39.5,60
364,トドグラー,1.1,87.6,80
365,トドゼルガ,1.4,150.6,100
366,パールル,0.4,52.5,80
367,ハンテール,1.7,27,60
368,サクラビス,1.8,22.6,40
369,ジーランス,1,23.4,40
370,ラブカス,0.6,8.7,20
371,タツベイ,0.6,42.1,60
372,コモルー,1.1,110.5,100
373,ボーマンダ,1.5,102.6,100
,メガボーマンダ,1.8,112.6,100
374,ダンバル,0.6,95.2,80
375,メタング,1.2,202.5,120
376,メタグロス,1.6,550,120
,メガメタグロス,2.5,942.9,120
377,レジロック,1.7,230,120
378,レジアイス,1.8,175,100
379,レジスチル,1.9,205,120
380,ラティアス,1.4,40,60
,メガラティアス,1.8,52,80
381,ラティオス,2,60,80
,メガラティオス,2.3,70,80
382,カイオーガ,4.5,352,120
,"カイオーガ(ゲンシカイオーガ)",9.8,430,120
383,グラードン,3.5,950,120
,"グラードン(ゲンシグラードン)",5,999.7,120
384,レックウザ,7,206.5,120
,メガレックウザ,10.8,392,120
385,ジラーチ,0.3,1.1,20
386,デオキシス,1.7,60.8,80
387,ナエトル,0.4,10.2,40
388,ハヤシガメ,1.1,97,80
389,ドダイトス,2.2,310,120
390,ヒコザル,0.5,6.2,20
391,モウカザル,0.9,22,40
392,ゴウカザル,1.2,55,80
393,ポッチャマ,0.4,5.2,20
394,ポッタイシ,0.8,23,40
395,エンペルト,1.7,84.5,80
396,ムックル,0.3,2,20
397,ムクバード,0.6,15.5,40
398,ムクホーク,1.2,24.9,40
399,ビッパ,0.5,20,40
400,ビーダル,1,31.5,60
401,コロボーシ,0.3,2.2,20
402,コロトック,1,25.5,60
403,コリンク,0.5,9.5,20
404,ルクシオ,0.9,30.5,60
405,レントラー,1.4,42,60
406,スボミー,0.2,1.2,20
407,ロズレイド,0.9,14.5,40
408,ズガイドス,0.9,31.5,60
409,ラムパルド,1.6,102.5,100
410,タテトプス,0.5,57,80
411,トリデプス,1.3,149.5,100
412,ミノムッチ,0.2,3.4,20
413,ミノマダム,0.5,6.5,20
414,ガーメイル,0.9,23.3,40
415,ミツハニー,0.3,5.5,20
416,ビークイン,1.2,38.5,60
417,パチリス,0.4,3.9,20
418,ブイゼル,0.7,29.5,60
419,フローゼル,1.1,33.5,60
420,チェリンボ,0.4,3.3,20
421,チェリム,0.5,9.3,20
422,カラナクシ,0.3,6.3,20
423,トリトドン,0.9,29.9,60
424,エテボース,1.2,20.3,40
425,フワンテ,0.4,1.2,20
426,フワライド,1.2,15,40
427,ミミロル,0.4,5.5,20
428,ミミロップ,1.2,33.3,60
,メガミミロップ,1.3,28.3,60
429,ムウマージ,0.9,4.4,20
430,ドンカラス,0.9,27.3,60
431,ニャルマー,0.5,3.9,20
432,ブニャット,1,43.8,60
433,リーシャン,0.2,0.6,20
434,スカンプー,0.4,19.2,40
435,スカタンク,1,38,60
436,ドーミラー,0.5,60.5,80
437,ドータクン,1.3,187,100
438,ウソハチ,0.5,15,40
439,マネネ,0.6,13,40
440,ピンプク,0.6,24.4,40
441,ペラップ,0.5,1.9,20
442,ミカルゲ,1,108,100
443,フカマル,0.7,20.5,40
444,ガバイト,1.4,56,80
445,ガブリアス,1.9,95,80
,メガガブリアス,1.9,95,80
446,ゴンベ,0.6,105,100
447,リオル,0.7,20.2,40
448,ルカリオ,1.2,54,80
,メガルカリオ,1.3,57.5,80
449,ヒポポタス,0.8,49.5,60
450,カバルドン,2,300,120
451,スコルピ,0.8,12,40
452,ドラピオン,1.3,61.5,80
453,グレッグル,0.7,23,40
454,ドクロッグ,1.3,44.4,60
455,マスキッパ,1.4,27,60
456,ケイコウオ,0.4,7,20
457,ネオラント,1.2,24,40
458,タマンタ,1,65,80
459,ユキカブリ,1,50.5,80
460,ユキノオー,2.2,135.5,100
,メガユキノオー,2.7,185,100
461,マニューラ,1.1,34,60
462,ジバコイル,1.2,180,100
463,ベロベルト,1.7,140,100
464,ドサイドン,2.4,282.8,120
465,モジャンボ,2,128.6,100
466,エレキブル,1.8,138.6,100
467,ブーバーン,1.6,68,80
468,トゲキッス,1.5,38,60
469,メガヤンマ,1.9,51.5,80
470,リーフィア,1,25.5,60
471,グレイシア,0.8,25.9,60
472,グライオン,2,42.5,60
473,マンムー,2.5,291,120
474,ポリゴンZ,0.9,34,60
475,エルレイド,1.6,52,80
,メガエルレイド,1.6,56.4,80
476,ダイノーズ,1.4,340,120
477,ヨノワール,2.2,106.6,100
478,ユキメノコ,1.3,26.6,60
479,ロトム,0.3,0.3,20
480,ユクシー,0.3,0.3,20
481,エムリット,0.3,0.3,20
482,アグノム,0.3,0.3,20
483,ディアルガ,5.4,683,120
,"ディアルガ(オリジンフォルム)",7,850,
484,パルキア,4.2,336,120
,"パルキア(オリジンフォルム)",6.3,660,
485,ヒードラン,1.7,430,120
486,レジギガス,3.7,420,120
487,"ギラティナ(アナザーフォルム)",4.5,750,120
,"ギラティナ(オリジンフォルム)",6.9,650,120
488,クレセリア,1.5,85.6,80
489,フィオネ,0.4,3.1,20
490,マナフィ,0.3,1.4,20
491,ダークライ,1.5,50.5,80
492,"シェイミ(ランドフォルム)",0.2,2.1,20
,"シェイミ(スカイフォルム)",0.4,5.2,20
493,アルセウス,3.2,320,120
494,ビクティニ,0.4,4,20
495,ツタージャ,0.6,8.1,20
496,ジャノビー,0.8,16,40
497,ジャローダ,3.3,63,80
498,ポカブ,0.5,9.9,20
499,チャオブー,1,55.5,80
500,エンブオー,1.6,150,100
501,ミジュマル,0.5,5.9,20
502,フタチマル,0.8,24.5,40
503,ダイケンキ,1.5,94.6,80
,"ダイケンキ(ヒスイのすがた)",1.5,58.2,
504,ミネズミ,0.5,11.6,40
505,ミルホッグ,1.1,27,60
506,ヨーテリー,0.4,4.1,20
507,ハーデリア,0.9,14.7,40
508,ムーランド,1.2,61,80
509,チョロネコ,0.4,10.1,40
510,レパルダス,1.1,37.5,60
511,ヤナップ,0.6,10.5,40
512,ヤナッキー,1.1,30.5,60
513,バオップ,0.6,11,40
514,バオッキー,1,28,60
515,ヒヤップ,0.6,13.5,40
516,ヒヤッキー,1,29,60
517,ムンナ,0.6,23.3,40
518,ムシャーナ,1.1,60.5,80
519,マメパト,0.3,2.1,20
520,ハトーボー,0.6,15,40
521,ケンホロウ,1.2,29,60
522,シママ,0.8,29.8,60
523,ゼブライカ,1.6,79.5,80
524,ダンゴロ,0.4,18,40
525,ガントル,0.9,102,100
526,ギガイアス,1.7,260,120
527,コロモリ,0.4,2.1,20
528,ココロモリ,0.9,10.5,40
529,モグリュー,0.3,8.5,20
530,ドリュウズ,0.7,40.4,60
531,タブンネ,1.1,31,60
,メガタブンネ,1.5,32,60
532,ドッコラー,0.6,12.5,40
533,ドテッコツ,1.2,40,60
534,ローブシン,1.4,87,80
535,オタマロ,0.5,4.5,20
536,ガマガル,0.8,17,40
537,ガマゲロゲ,1.5,62,80
538,ナゲキ,1.3,55.5,80
539,ダゲキ,1.4,51,80
540,クルミル,0.3,2.5,20
541,クルマユ,0.5,7.3,20
542,ハハコモリ,1.2,20.5,40
543,フシデ,0.4,5.3,20
544,ホイーガ,1.2,58.5,80
545,ペンドラー,2.5,200.5,120
546,モンメン,0.3,0.6,20
547,エルフーン,0.7,6.6,20
548,チュリネ,0.5,6.6,20
549,ドレディア,1.1,16.3,40
,"ドレディア(ヒスイのすがた)",1.2,19.2,
550,バスラオ,1,18,40
551,メグロコ,0.7,15.2,40
552,ワルビル,1,33.4,60
553,ワルビアル,1.5,96.3,80
554,ダルマッカ,0.6,37.5,60
,"ダルマッカ(ガラルのすがた)",0.7,40,60
555,ヒヒダルマ,1.3,92.9,80
,"ヒヒダルマ(ガラルのすがた)",1.7,120,100
556,マラカッチ,1,28,60
557,イシズマイ,0.3,14.5,40
558,イワパレス,1.4,200,120
559,ズルッグ,0.6,11.8,40
560,ズルズキン,1.1,30,60
561,シンボラー,1.4,14,40
562,デスマス,0.5,1.5,20
,"デスマス(ガラルのすがた)",0.5,1.5,20
563,デスカーン,1.7,76.5,80
564,プロトーガ,0.7,16.5,40
565,アバゴーラ,1.2,81,80
566,アーケン,0.5,9.5,20
567,アーケオス,1.4,32,60
568,ヤブクロン,0.6,31,60
569,ダストダス,1.9,107.3,100
570,ゾロア,0.7,12.5,40
,"ゾロア(ヒスイのすがた)",0.7,12.5,
571,ゾロアーク,1.6,81.1,80
,"ゾロアーク(ヒスイのすがた)",1.6,73,
572,チラーミィ,0.4,5.8,20
573,チラチーノ,0.5,7.5,20
574,ゴチム,0.4,5.8,20
575,ゴチミル,0.7,18,40
576,ゴチルゼル,1.5,44,60
577,ユニラン,0.3,1,20
578,ダブラン,0.6,8,20
579,ランクルス,1,20.1,40
580,コアルヒー,0.5,5.5,20
581,スワンナ,1.3,24.2,40
582,バニプッチ,0.4,5.7,20
583,バニリッチ,1.1,41,60
584,バイバニラ,1.3,57.5,80
585,シキジカ,0.6,19.5,40
586,メブキジカ,1.9,92.5,80
587,エモンガ,0.4,5,20
588,カブルモ,0.5,5.9,20
589,シュバルゴ,1,33,60
590,タマゲタケ,0.2,1,20
591,モロバレル,0.6,10.5,40
592,プルリル,1.2,33,60
593,ブルンゲル,2.2,135,100
594,ママンボウ,1.2,31.6,60
595,バチュル,0.1,0.6,20
596,デンチュラ,0.8,14.3,40
597,テッシード,0.6,18.8,40
598,ナットレイ,1,110,100
599,ギアル,0.3,21,40
600,ギギアル,0.6,51,80
601,ギギギアル,0.6,81,80
602,シビシラス,0.2,0.3,20
603,シビビール,1.2,22,40
604,シビルドン,2.1,80.5,80
605,リグレー,0.5,9,20
606,オーベム,1,34.5,60
607,ヒトモシ,0.3,3.1,20
608,ランプラー,0.6,13,40
609,シャンデラ,1,34.3,60
610,キバゴ,0.6,18,40
611,オノンド,1,36,60
612,オノノクス,1.8,105.5,100
613,クマシュン,0.5,8.5,20
614,ツンベアー,2.6,260,120
615,フリージオ,1.1,148,100
616,チョボマキ,0.4,7.7,20
617,アギルダー,0.8,25.3,60
618,マッギョ,0.7,11,40
,"マッギョ(ガラルのすがた)",0.7,20.5,40
619,コジョフー,0.9,20,40
620,コジョンド,1.4,35.5,60
621,クリムガン,1.6,139,100
622,ゴビット,1,92,80
623,ゴルーグ,2.8,330,120
624,コマタナ,0.5,10.2,40
625,キリキザン,1.6,70,80
626,バッフロン,1.6,94.6,80
627,ワシボン,0.5,10.5,40
628,ウォーグル,1.5,41,60
,"ウォーグル(ヒスイのすがた)",1.7,43.4,
629,バルチャイ,0.5,9,20
630,バルジーナ,1.2,39.5,60
631,クイタラン,1.4,58,80
632,アイアント,0.3,33,60
633,モノズ,0.8,17.3,40
634,ジヘッド,1.4,50,80
635,サザンドラ,1.8,160,100
636,メラルバ,1.1,28.8,60
637,ウルガモス,1.6,46,60
638,コバルオン,2.1,250,120
639,テラキオン,1.9,260,120
640,ビリジオン,2,200,120
641,"トルネロス(けしんフォルム)",1.5,63,80
,"トルネロス(れいじゅうフォルム)",1.4,63,80
642,"ボルトロス(けしんフォルム)",1.5,61,80
,"ボルトロス(れいじゅうフォルム)",3,61,80
643,レシラム,3.2,330,120
644,ゼクロム,2.9,345,120
645,"ランドロス(けしんフォルム)",1.5,68,80
,"ランドロス(れいじゅうフォルム)",1.3,68,80
646,キュレム,3,325,120
,"キュレム(ホワイトキュレム)",3.6,325,120
,"キュレム(ブラックキュレム)",3.3,325,120
647,ケルディオ,1.4,48.5,60
648,メロエッタ,0.6,6.5,20
649,ゲノセクト,1.5,82.5,80
650,ハリマロン,0.4,9,20
651,ハリボーグ,0.7,29,60
652,ブリガロン,1.6,90,80
653,フォッコ,0.4,9.4,20
654,テールナー,1,14.5,40
655,マフォクシー,1.5,39,60
656,ケロマツ,0.3,7,20
657,ゲコガシラ,0.6,10.9,40
658,ゲッコウガ,1.5,40,60
,"ゲッコウガ(サトシゲッコウガ)",1.5,40,60
659,ホルビー,0.4,5,20
660,ホルード,1,42.4,60
661,ヤヤコマ,0.3,1.7,20
662,ヒノヤコマ,0.7,16,40
663,ファイアロー,1.2,24.5,40
664,コフキムシ,0.3,2.5,20
665,コフーライ,0.3,8.4,20
666,ビビヨン,1.2,17,40
667,シシコ,0.6,13.5,40
668,カエンジシ,1.5,81.5,80
669,フラベベ,0.1,0.1,20
670,フラエッテ,0.2,0.9,20
671,フラージェス,1.1,10,40
672,メェークル,0.9,31,60
673,ゴーゴート,1.7,91,80
674,ヤンチャム,0.6,8,20
675,ゴロンダ,2.1,136,100
676,トリミアン,1.2,28,60
677,ニャスパー,0.3,3.5,20
678,ニャオニクス,0.6,8.5,20
679,ヒトツキ,0.8,2,20
680,ニダンギル,0.8,4.5,20
681,ギルガルド,1.7,53,80
682,シュシュプ,0.2,0.5,20
683,フレフワン,0.8,15.5,40
684,ペロッパフ,0.4,3.5,20
685,ペロリーム,0.8,5,20
686,マーイーカ,0.4,3.5,20
687,カラマネロ,1.5,47,60
688,カメテテ,0.5,31,60
689,ガメノデス,1.3,96,80
690,クズモー,0.5,7.3,20
691,ドラミドロ,1.8,81.5,80
692,ウデッポウ,0.5,8.3,20
693,ブロスター,1.3,35.3,60
694,エリキテル,0.5,6,20
695,エレザード,1,21,40
696,チゴラス,0.8,26,60
697,ガチゴラス,2.5,270,120
698,アマルス,1.3,25.2,60
699,アマルルガ,2.7,225,120
700,ニンフィア,1,23.5,40
701,ルチャブル,0.8,21.5,40
702,デデンネ,0.2,2.2,20
703,メレシー,0.3,5.7,20
704,ヌメラ,0.3,2.8,20
705,ヌメイル,0.8,17.5,40
,"ヌメイル(ヒスイのすがた)",0.7,68.5,
706,ヌメルゴン,2,150.5,100
,"ヌメルゴン(ヒスイのすがた)",1.7,334.1,
707,クレッフィ,0.2,3,20
708,ボクレー,0.4,7,20
709,オーロット,1.5,71,80
710,"バケッチャ(ちいさいサイズ)",0.3,3.5,20
,"バケッチャ(ふつうのサイズ)",0.4,5,20
,"バケッチャ(おおきいサイズ)",0.5,7.5,20
,"バケッチャ(とくだいサイズ)",0.8,15,40
711,"パンプジン(ちいさいサイズ)",0.7,9.5,20
,"パンプジン(ふつうのサイズ)",0.9,12.5,40
,"パンプジン(おおきいサイズ)",1.1,14,40
,"パンプジン(とくだいサイズ)",1.7,39,60
712,カチコール,1,99.5,80
713,クレベース,2,505,120
,"クレベース(ヒスイのすがた)",1.4,262.4,
714,オンバット,0.5,8,20
715,オンバーン,1.5,85,80
716,ゼルネアス,3,215,120
717,イベルタル,5.8,203,120
718,"ジガルデ(50%フォルム)",5,305,120
,"ジガルデ(10%フォルム)",1.2,33.5,60
,"ジガルデ(パーフェクトフォルム)",4.5,610,120
719,ディアンシー,0.7,8.8,20
,メガディアンシー,1.1,27.8,60
720,"フーパ(いましめられしフーパ)",0.5,9,20
,"フーパ(ときはなたれしフーパ)",6.5,490,120
721,ボルケニオン,1.7,195,100
722,モクロー,0.3,1.5,20
723,フクスロー,0.7,16,40
724,ジュナイパー,1.6,36.6,60
,"ジュナイパー(ヒスイのすがた)",1.6,37,
725,ニャビー,0.4,4.3,20
726,ニャヒート,0.7,25,60
727,ガオガエン,1.8,83,80
728,アシマリ,0.4,7.5,20
729,オシャマリ,0.6,17.5,40
730,アシレーヌ,1.8,44,60
731,ツツケラ,0.3,1.2,20
732,ケララッパ,0.6,14.8,40
733,ドデカバシ,1.1,26,60
734,ヤングース,0.4,6,20
735,デカグース,0.7,14.2,40
,"デカグース(ぬしサイズ)",1.4,60,80
736,アゴジムシ,0.4,4.4,20
737,デンヂムシ,0.5,10.5,40
738,クワガノン,1.5,45,60
,"クワガノン(ぬしサイズ)",2.6,147.5,100
739,マケンカニ,0.6,7,20
740,ケケンカニ,1.7,180,100
741,オドリドリ,0.6,3.4,20
742,アブリー,0.1,0.2,20
743,アブリボン,0.2,0.5,20
,"アブリボン(ぬしサイズ)",0.4,2,20
744,イワンコ,0.5,9.2,20
745,"ルガルガン(まひるのすがた)",0.8,25,60
,"ルガルガン(まよなかのすがた)",1.1,25,60
,"ルガルガン(たそがれのすがた)",0.8,25,60
746,"ヨワシ(たんどくのすがた)",0.2,0.3,20
,"ヨワシ(むれたすがた)",8.2,78.6,80
747,ヒドイデ,0.4,8,20
748,ドヒドイデ,0.7,14.5,40
749,ドロバンコ,1,110,100
750,バンバドロ,2.5,920,120
751,シズクモ,0.3,4,20
752,オニシズクモ,1.8,82,80
,"オニシズクモ(ぬしサイズ)",3.1,217.5,120
753,カリキリ,0.3,1.5,20
754,ラランテス,0.9,18.5,40
,"ラランテス(ぬしサイズ)",1.5,58,80
755,ネマシュ,0.2,1.5,20
756,マシェード,1,11.5,40
757,ヤトウモリ,0.6,4.8,20
758,エンニュート,1.2,22.2,40
,"エンニュート(ぬしサイズ)",2.1,81,80
759,ヌイコグマ,0.5,6.8,20
760,キテルグマ,2.1,135,100
761,アマカジ,0.3,3.2,20
762,アママイコ,0.7,8.2,20
763,アマージョ,1.2,21.4,40
764,キュワワー,0.1,0.3,20
765,ヤレユータン,1.5,76,80
766,ナゲツケサル,2,82.8,80
767,コソクムシ,0.5,12,40
768,グソクムシャ,2,108,100
769,スナバァ,0.5,70,80
770,シロデスナ,1.3,250,120
771,ナマコブシ,0.3,1.2,20
772,タイプ:ヌル,1.9,120.5,100
773,シルヴァディ,2.3,100.5,100
774,"メテノ(りゅうせいのすがた)",0.3,40,60
,"メテノ(コアのすがた)",0.3,0.3,20
775,ネッコアラ,0.4,19.9,40
776,バクガメス,2,212,120
777,トゲデマル,0.3,3.3,20
,"トゲデマル(ぬしサイズ)",0.6,13,40
778,ミミッキュ,0.2,0.7,20
,"ミミッキュ(ぬしサイズ)",0.4,2.8,20
779,ハギギシリ,0.9,19,40
780,ジジーロン,3,185,100
781,ダダリン,3.9,210,120
782,ジャラコ,0.6,29.7,60
783,ジャランゴ,1.2,47,60
784,ジャラランガ,1.6,78.2,80
,"ジャラランガ(ぬしサイズ)",2.4,207.5,120
785,カプ・コケコ,1.8,20.5,40
786,カプ・テテフ,1.2,18.6,40
787,カプ・ブルル,1.9,45.5,60
788,カプ・レヒレ,1.3,21.2,40
789,コスモッグ,0.2,0.1,20
790,コスモウム,0.1,999.9,120
791,ソルガレオ,3.4,230,120
792,ルナアーラ,4,120,100
793,ウツロイド,1.2,55.5,80
794,マッシブーン,2.4,333.6,120
795,フェローチェ,1.8,25,60
796,デンジュモク,3.8,100,100
797,テッカグヤ,9.2,999.9,120
798,カミツルギ,0.3,0.1,20
799,アクジキング,5.5,888,120
800,ネクロズマ,2.4,230,120
,"ネクロズマ(たそがれのたてがみ)",3.8,460,120
,"ネクロズマ(あかつきのつばさ)",4.2,350,120
,"ネクロズマ(ウルトラネクロズマ)",7.5,230,120
801,マギアナ,1,80.5,80
802,マーシャドー,0.7,22.2,40
803,ベベノム,0.6,1.8,20
804,アーゴヨン,3.6,150,100
805,ツンデツンデ,5.5,820,120
806,ズガドーン,1.8,13,40
807,ゼラオラ,1.5,44.5,60
808,メルタン,0.2,8,20
809,メルメタル,2.5,800,120
810,サルノリ,0.3,5,20
811,バチンキー,0.7,14,40
812,ゴリランダー,2.1,90,80
813,ヒバニー,0.3,4.5,20
814,ラビフット,0.6,9,20
815,エースバーン,1.4,33,60
816,メッソン,0.3,4,20
817,ジメレオン,0.7,11.5,40
818,インテレオン,1.9,45.2,60
819,ホシガリス,0.3,2.5,20
820,ヨクバリス,0.6,6,20
821,ココガラ,0.2,1.8,20
822,アオガラス,0.8,16,40
823,アーマーガア,2.2,75,80
824,サッチムシ,0.4,8,20
825,レドームシ,0.4,19.5,40
826,イオルブ,0.4,40.8,60
827,クスネ,0.6,8.9,20
828,フォクスライ,1.2,19.9,40
829,ヒメンカ,0.4,2.2,20
830,ワタシラガ,0.5,2.5,20
831,ウールー,0.6,6,20
832,バイウールー,1.3,43,60
833,カムカメ,0.3,8.5,20
834,カジリガメ,1,115.5,100
835,ワンパチ,0.3,13.5,40
836,パルスワン,1,34,60
837,タンドン,0.3,12,40
838,トロッゴン,1.1,78,80
839,セキタンザン,2.8,310.5,120
840,カジッチュ,0.2,0.5,20
841,アップリュー,0.3,1,20
842,タルップル,0.4,13,40
843,スナヘビ,2.2,7.6,20
844,サダイジャ,3.8,65.5,80
845,ウッウ,0.8,18,40
846,サシカマス,0.5,1,20
847,カマスジョー,1.3,30,60
848,エレズン,0.4,11,40
849,ストリンダー,1.6,40,60
850,ヤクデ,0.7,1,20
851,マルヤクデ,3,120,100
852,タタッコ,0.6,4,20
853,オトスパス,1.6,39,60
854,ヤバチャ,0.1,0.2,20
855,ポットデス,0.2,0.4,20
856,ミブリム,0.4,3.4,20
857,テブリム,0.6,4.8,20
858,ブリムオン,2.1,5.1,20
859,ベロバー,0.4,5.5,20
860,ギモー,0.8,12.5,40
861,オーロンゲ,1.5,61,80
862,タチフサグマ,1.6,46,60
863,ニャイキング,0.8,28,60
864,サニゴーン,1,0.4,20
865,ネギガナイト,0.8,117,100
866,バリコオル,1.5,58.2,80
867,デスバーン,1.6,66.6,80
868,マホミル,0.2,0.3,20
869,マホイップ,0.3,0.5,20
870,タイレーツ,3,62,80
871,バチンウニ,0.3,1,20
872,ユキハミ,0.3,3.8,20
873,モスノウ,1.3,42,60
874,イシヘンジン,2.5,520,120
875,コオリッポ,1.4,89,80
876,イエッサン,0.9,28,60
877,モルペコ,0.3,3,20
878,ゾウドウ,1.2,100,100
879,ダイオウドウ,3,650,120
880,パッチラゴン,1.8,190,100
881,パッチルドン,2.3,150,100
882,ウオノラゴン,2.3,215,120
883,ウオチルドン,2,175,100
884,ジュラルドン,1.8,40,60
885,ドラメシヤ,0.5,2,20
886,ドロンチ,1.4,11,40
887,ドラパルト,3,50,80
888,"ザシアン(れきせんのゆうしゃ)",2.8,110,100
,"ザシアン(けんのおう)",2.8,355,120
889,"ザマゼンタ(れきせんのゆうしゃ)",2.9,210,120
,"ザマゼンタ(たてのおう)",2.9,785,120
890,ムゲンダイナ,20,950,120
,"ムゲンダイナ(ムゲンダイマックス)",100,???.?,-
891,ダクマ,0.6,12,40
892,ウーラオス,1.9,105,100
893,ザルード,1.8,70,80
894,レジエレキ,1.2,145,100
895,レジドラゴ,2.1,200,120
896,ブリザポス,2.2,800,120
897,レイスポス,2,44.5,60
898,バドレックス,1.1,7.7,20
,"バドレックス(はくばじょうのすがた)",2.4,809.1,120
,"バドレックス(こくばじょうのすがた)",2.4,53.6,80
899,アヤシシ,1.8,95.1,
900,バサギリ,1.8,89,
901,ガチグマ,2.4,290,
902,イダイトウ,3,110,
903,オオニューラ,1.3,43,
904,ハリーマン,2.5,60.5,
905,ラブトロス,1.6,48,
906,ニャオハ,0.4,4.1,
907,ニャローテ,0.9,12.2,
908,マスカーニャ,1.5,31.2,
909,ホゲータ,0.4,9.8,
910,アチゲータ,1,30.7,
911,ラウドボーン,1.6,326.5,
912,クワッス,0.5,6.1,
913,ウェルカモ,1.2,21.5,
914,ウェーニバル,1.8,61.9,
915,グルトン,0.5,10.2,
916,パフュートン,1,120,
917,タマンチュラ,0.3,4,
918,ワナイダー,1,16.5,
919,マメバッタ,0.2,1,
920,エクスレッグ,1,17.5,
921,パモ,0.3,2.5,
922,パモット,0.4,6.5,
923,パーモット,0.9,41,
924,ワッカネズミ,0.3,1.8,
925,"イッカネズミ(3びきかぞく)",0.3,2.3,
,"イッカネズミ(4ひきかぞく)",0.3,2.8,
926,パピモッチ,0.3,10.9,
927,バウッツェル,0.5,14.9,
928,ミニーブ,0.3,6.5,
929,オリーニョ,0.6,11.9,
930,オリーヴァ,1.4,48.2,
931,イキリンコ,0.6,2.4,
932,コジオ,0.4,16,
933,ジオヅム,0.6,105,
934,キョジオーン,2.3,240,
935,カルボウ,0.6,10.5,
936,グレンアルマ,1.5,85,
937,ソウブレイズ,1.6,62,
938,ズピカ,0.3,0.4,
939,ハラバリー,1.2,113,
940,カイデン,0.4,3.6,
941,タイカイデン,1.4,38.6,
942,オラチフ,0.5,16,
943,マフィティフ,1.1,61,
944,シルシュルー,0.2,0.7,
945,タギングル,0.7,27.2,
946,アノクサ,0.6,0.6,
947,アノホラグサ,1.2,6,
948,ノノクラゲ,0.9,33,
949,リククラゲ,1.9,58,
950,ガケガニ,1.3,79,
951,カプサイジ,0.3,3,
952,スコヴィラン,0.9,15,
953,シガロコ,0.2,1,
954,ベラカス,0.3,3.5,
955,ヒラヒナ,0.2,1.5,
956,クエスパトラ,1.9,90,
957,カヌチャン,0.4,8.9,
958,ナカヌチャン,0.7,59.1,
959,デカヌチャン,0.7,112.8,
960,ウミディグダ,1.2,1.8,
961,ウミトリオ,1.2,5.4,
962,オトシドリ,1.5,42.9,
963,ナミイルカ,1.3,60.2,
964,"イルカマン(ナイーブフォルム)",1.3,60.2,
,"イルカマン(マイティフォルム)",1.8,97.4,
965,ブロロン,1,35,
966,ブロロローム,1.8,120,
967,モトトカゲ,1.6,63,
968,ミミズズ,2.5,310,
969,キラーメ,0.7,8,
970,キラフロル,1.5,45,
971,ボチ,0.6,35,
972,ハカドッグ,2,15,
973,カラミンゴ,1.6,37,
974,アルクジラ,1.2,45,
975,ハルクジラ,4.5,700,
976,ミガルーサ,2.5,90,
977,ヘイラッシャ,12,220,
978,シャリタツ,0.3,8,
979,コノヨザル,1.2,56,
980,ドオー,1.8,223,
981,リキキリン,3.2,160,
982,"ノココッチ(ふたふしフォルム)",3.6,39.2,
,"ノココッチ(みつふしフォルム)",4.5,47.4,
983,ドドゲザン,2,120,
984,イダイナキバ,2.2,320,
985,サケブシッポ,1.2,8,
986,アラブルタケ,1.2,21,
987,ハバタクカミ,1.4,4,
988,チヲハウハネ,3.2,92,
989,スナノケガワ,2.3,60,
990,テツノワダチ,0.9,240,
991,テツノツツミ,0.6,11,
992,テツノカイナ,1.8,380.7,
993,テツノコウベ,1.3,111,
994,テツノドクガ,1.2,36,
995,テツノイバラ,1.6,303,
996,セビエ,0.5,17,
997,セゴール,0.8,30,
998,セグレイブ,2.1,210,
999,"コレクレー(はこフォルム)",0.3,5,
,"コレクレー(とほフォルム)",0.1,0.1,
1000,サーフゴー,1.2,30,
1001,チオンジェン,1.5,74.2,
1002,パオジアン,1.9,152.2,
1003,ディンルー,2.7,699.7,
1004,イーユイ,0.4,4.9,
1005,トドロクツキ,2,380,
1006,テツノブジン,1.4,35,
1007,コライドン,2.5,303,
1008,ミライドン,3.5,240,
,ウネルミナモ,3.5,280,
,テツノイサハ,1.5,125,